mat6: 23.270612
mat100: 14.725804
